frame,feature_0,feature_1,feature_2,feature_3,feature_4,feature_5,feature_6,feature_7,feature_8,feature_9,feature_10,feature_11,feature_12,feature_13,feature_14,feature_15,feature_16,feature_17,feature_18,feature_19,feature_20,feature_21,feature_22,feature_23,feature_24,feature_25,feature_26,feature_27,feature_28,feature_29,feature_30,feature_31,feature_32,feature_33,feature_34,feature_35,feature_36,feature_37,feature_38,feature_39,feature_40,feature_41,feature_42,feature_43,feature_44,feature_45,feature_46,feature_47,feature_48,feature_49,feature_50,feature_51,feature_52,feature_53,feature_54,feature_55,feature_56,feature_57,feature_58,feature_59,feature_60,feature_61,feature_62,feature_63,feature_64,feature_65,feature_66,feature_67,feature_68,feature_69,feature_70,feature_71,feature_72,feature_73,feature_74,feature_75,feature_76,feature_77,feature_78,feature_79,feature_80,feature_81,feature_82,feature_83,feature_84,feature_85,feature_86,feature_87,feature_88,feature_89,feature_90,feature_91,feature_92,feature_93,feature_94,feature_95,feature_96,feature_97,feature_98,feature_99,feature_100,feature_101,feature_102,feature_103,feature_104,feature_105,feature_106,feature_107,feature_108,feature_109,feature_110,feature_111,feature_112,feature_113,feature_114,feature_115,feature_116,feature_117,feature_118,feature_119,feature_120,feature_121,feature_122,feature_123,feature_124,feature_125
1,0.0,0.0,0.0,0.0,0.0,0.0,0.0,0.0,0.0,0.0,0.0,0.0,0.0,0.0,0.0,0.0,0.0,0.0,0.0,0.0,0.0,0.0,0.0,0.0,0.0,0.0,0.0,0.0,0.0,0.0,0.0,0.0,0.0,0.0,0.0,0.0,0.0,0.0,0.0,0.0,0.0,0.0,0.0,0.0,0.0,0.0,0.0,0.0,0.0,0.0,0.0,0.0,0.0,0.0,0.0,0.0,0.0,0.0,0.0,0.0,0.0,0.0,0.0,0.5359153151512146,0.5738452672958374,-1.08095242978834e-07,0.509111762046814,0.5593200922012329,-0.009208128787577152,0.4861033856868744,0.5262141227722168,-0.014787811785936356,0.4688790440559387,0.4997383952140808,-0.02072327397763729,0.4532988965511322,0.4851648807525635,-0.024797163903713226,0.5042001008987427,0.4808627665042877,-0.004153034184128046,0.5018689632415771,0.45925241708755493,-0.016346441581845284,0.5073714852333069,0.4869402050971985,-0.023226507008075714,0.5112147331237793,0.5113130211830139,-0.025710631161928177,0.5205134749412537,0.47648248076438904,-0.004283369984477758,0.5180976390838623,0.45723170042037964,-0.019593195989727974,0.5211463570594788,0.49484726786613464,-0.025538573041558266,0.5231125950813293,0.5224072933197021,-0.026298852637410164,0.5366644263267517,0.47722816467285156,-0.006415181793272495,0.5356544256210327,0.458565890789032,-0.021360034123063087,0.5350349545478821,0.49544695019721985,-0.02178291231393814,0.5341082811355591,0.5243154168128967,-0.017793169245123863,0.5515152812004089,0.4818127453327179,-0.00909487809985876,0.5585657358169556,0.44752636551856995,-0.017569614574313164,0.5643584728240967,0.4258606731891632,-0.019069988280534744,0.5679916143417358,0.4039275050163269,-0.01830792799592018
2,0.0,0.0,0.0,0.0,0.0,0.0,0.0,0.0,0.0,0.0,0.0,0.0,0.0,0.0,0.0,0.0,0.0,0.0,0.0,0.0,0.0,0.0,0.0,0.0,0.0,0.0,0.0,0.0,0.0,0.0,0.0,0.0,0.0,0.0,0.0,0.0,0.0,0.0,0.0,0.0,0.0,0.0,0.0,0.0,0.0,0.0,0.0,0.0,0.0,0.0,0.0,0.0,0.0,0.0,0.0,0.0,0.0,0.0,0.0,0.0,0.0,0.0,0.0,0.5359153151512146,0.5738452672958374,-1.08095242978834e-07,0.509111762046814,0.5593200922012329,-0.009208128787577152,0.4861033856868744,0.5262141227722168,-0.014787811785936356,0.4688790440559387,0.4997383952140808,-0.02072327397763729,0.4532988965511322,0.4851648807525635,-0.024797163903713226,0.5042001008987427,0.4808627665042877,-0.004153034184128046,0.5018689632415771,0.45925241708755493,-0.016346441581845284,0.5073714852333069,0.4869402050971985,-0.023226507008075714,0.5112147331237793,0.5113130211830139,-0.025710631161928177,0.5205134749412537,0.47648248076438904,-0.004283369984477758,0.5180976390838623,0.45723170042037964,-0.019593195989727974,0.5211463570594788,0.49484726786613464,-0.025538573041558266,0.5231125950813293,0.5224072933197021,-0.026298852637410164,0.5366644263267517,0.47722816467285156,-0.006415181793272495,0.5356544256210327,0.458565890789032,-0.021360034123063087,0.5350349545478821,0.49544695019721985,-0.02178291231393814,0.5341082811355591,0.5243154168128967,-0.017793169245123863,0.5515152812004089,0.4818127453327179,-0.00909487809985876,0.5585657358169556,0.44752636551856995,-0.017569614574313164,0.5643584728240967,0.4258606731891632,-0.019069988280534744,0.5679916143417358,0.4039275050163269,-0.01830792799592018
3,0.0,0.0,0.0,0.0,0.0,0.0,0.0,0.0,0.0,0.0,0.0,0.0,0.0,0.0,0.0,0.0,0.0,0.0,0.0,0.0,0.0,0.0,0.0,0.0,0.0,0.0,0.0,0.0,0.0,0.0,0.0,0.0,0.0,0.0,0.0,0.0,0.0,0.0,0.0,0.0,0.0,0.0,0.0,0.0,0.0,0.0,0.0,0.0,0.0,0.0,0.0,0.0,0.0,0.0,0.0,0.0,0.0,0.0,0.0,0.0,0.0,0.0,0.0,0.5361083745956421,0.5736982226371765,-1.0058968058501705e-07,0.5094428062438965,0.5595502853393555,-0.00998265203088522,0.48663705587387085,0.5261251926422119,-0.015821412205696106,0.46929675340652466,0.49899059534072876,-0.021883029490709305,0.4535556137561798,0.4840790629386902,-0.025968752801418304,0.5039150714874268,0.48069122433662415,-0.004720824304968119,0.5017357468605042,0.46003371477127075,-0.016957581043243408,0.5077791213989258,0.4882585406303406,-0.02377389930188656,0.5122447609901428,0.512137234210968,-0.02630000002682209,0.5202870965003967,0.4759775996208191,-0.004467173479497433,0.518204391002655,0.4578070044517517,-0.019643913954496384,0.5215364098548889,0.4957050681114197,-0.025183074176311493,0.5237316489219666,0.5220724940299988,-0.025789203122258186,0.5364652276039124,0.47689729928970337,-0.006321305874735117,0.5360156297683716,0.45741304755210876,-0.021127207204699516,0.5356427431106567,0.49425208568573,-0.020899679511785507,0.5348870754241943,0.522739589214325,-0.016540834680199623,0.5512959361076355,0.4818039834499359,-0.008856127969920635,0.5590605735778809,0.4472613036632538,-0.017298603430390358,0.5650122761726379,0.4256924092769623,-0.018603064119815826,0.568645715713501,0.4035533666610718,-0.017715709283947945
4,0.0,0.0,0.0,0.0,0.0,0.0,0.0,0.0,0.0,0.0,0.0,0.0,0.0,0.0,0.0,0.0,0.0,0.0,0.0,0.0,0.0,0.0,0.0,0.0,0.0,0.0,0.0,0.0,0.0,0.0,0.0,0.0,0.0,0.0,0.0,0.0,0.0,0.0,0.0,0.0,0.0,0.0,0.0,0.0,0.0,0.0,0.0,0.0,0.0,0.0,0.0,0.0,0.0,0.0,0.0,0.0,0.0,0.0,0.0,0.0,0.0,0.0,0.0,0.5361083745956421,0.5736982226371765,-1.0058968058501705e-07,0.5094428062438965,0.5595502853393555,-0.00998265203088522,0.48663705587387085,0.5261251926422119,-0.015821412205696106,0.46929675340652466,0.49899059534072876,-0.021883029490709305,0.4535556137561798,0.4840790629386902,-0.025968752801418304,0.5039150714874268,0.48069122433662415,-0.004720824304968119,0.5017357468605042,0.46003371477127075,-0.016957581043243408,0.5077791213989258,0.4882585406303406,-0.02377389930188656,0.5122447609901428,0.512137234210968,-0.02630000002682209,0.5202870965003967,0.4759775996208191,-0.004467173479497433,0.518204391002655,0.4578070044517517,-0.019643913954496384,0.5215364098548889,0.4957050681114197,-0.025183074176311493,0.5237316489219666,0.5220724940299988,-0.025789203122258186,0.5364652276039124,0.47689729928970337,-0.006321305874735117,0.5360156297683716,0.45741304755210876,-0.021127207204699516,0.5356427431106567,0.49425208568573,-0.020899679511785507,0.5348870754241943,0.522739589214325,-0.016540834680199623,0.5512959361076355,0.4818039834499359,-0.008856127969920635,0.5590605735778809,0.4472613036632538,-0.017298603430390358,0.5650122761726379,0.4256924092769623,-0.018603064119815826,0.568645715713501,0.4035533666610718,-0.017715709283947945
5,0.0,0.0,0.0,0.0,0.0,0.0,0.0,0.0,0.0,0.0,0.0,0.0,0.0,0.0,0.0,0.0,0.0,0.0,0.0,0.0,0.0,0.0,0.0,0.0,0.0,0.0,0.0,0.0,0.0,0.0,0.0,0.0,0.0,0.0,0.0,0.0,0.0,0.0,0.0,0.0,0.0,0.0,0.0,0.0,0.0,0.0,0.0,0.0,0.0,0.0,0.0,0.0,0.0,0.0,0.0,0.0,0.0,0.0,0.0,0.0,0.0,0.0,0.0,0.5358920097351074,0.5752052068710327,-9.742916518007405e-08,0.5094480514526367,0.5602322816848755,-0.01009610015898943,0.4869314432144165,0.5263340473175049,-0.016096169129014015,0.4696207642555237,0.49887722730636597,-0.022310616448521614,0.45362821221351624,0.4836978316307068,-0.026522621512413025,0.5038192272186279,0.4819279909133911,-0.005235343240201473,0.5017320513725281,0.45842307806015015,-0.017198428511619568,0.5076202154159546,0.487153559923172,-0.02358115091919899,0.5115271210670471,0.510842502117157,-0.02575184963643551,0.5202698111534119,0.4774111807346344,-0.004878648091107607,0.5183535814285278,0.4582471251487732,-0.019473297521471977,0.521916925907135,0.4956852197647095,-0.024506904184818268,0.5237535238265991,0.5209848880767822,-0.02485414780676365,0.5365639328956604,0.47805339097976685,-0.006604884751141071,0.5362755656242371,0.45747703313827515,-0.020816337317228317,0.5361679196357727,0.49387452006340027,-0.02029162272810936,0.535171389579773,0.5217108130455017,-0.015858152881264687,0.5515066981315613,0.4819658398628235,-0.009032647125422955,0.5583875179290771,0.4475647807121277,-0.0167158842086792,0.5641395449638367,0.4262438416481018,-0.01753692887723446,0.5676419138908386,0.40448927879333496,-0.01638474315404892
6,0.0,0.0,0.0,0.0,0.0,0.0,0.0,0.0,0.0,0.0,0.0,0.0,0.0,0.0,0.0,0.0,0.0,0.0,0.0,0.0,0.0,0.0,0.0,0.0,0.0,0.0,0.0,0.0,0.0,0.0,0.0,0.0,0.0,0.0,0.0,0.0,0.0,0.0,0.0,0.0,0.0,0.0,0.0,0.0,0.0,0.0,0.0,0.0,0.0,0.0,0.0,0.0,0.0,0.0,0.0,0.0,0.0,0.0,0.0,0.0,0.0,0.0,0.0,0.5360081195831299,0.5763809084892273,-9.451157723106007e-08,0.5094347596168518,0.5615715384483337,-0.010724218562245369,0.4867648482322693,0.5273176431655884,-0.01687256619334221,0.4693085253238678,0.4996935725212097,-0.02308201789855957,0.4532568156719208,0.4841540455818176,-0.027191242203116417,0.5031354427337646,0.48055118322372437,-0.0053890966810286045,0.5011219382286072,0.45770061016082764,-0.017379052937030792,0.5071025490760803,0.48650577664375305,-0.023754851892590523,0.5113887786865234,0.511461079120636,-0.025913041085004807,0.5195233225822449,0.4757688045501709,-0.004640352446585894,0.5180873870849609,0.4568867087364197,-0.019408205524086952,0.5216606855392456,0.494782418012619,-0.024769488722085953,0.523602306842804,0.5215244889259338,-0.025270501151680946,0.5358081459999084,0.47678160667419434,-0.006015795283019543,0.5356306433677673,0.45731157064437866,-0.020208993926644325,0.535502016544342,0.4944079518318176,-0.019880851730704308,0.5346488356590271,0.5233197212219238,-0.015550986863672733,0.5509017109870911,0.48179158568382263,-0.00814738217741251,0.5579646229743958,0.44717326760292053,-0.016127582639455795,0.5636533498764038,0.4255165457725525,-0.017345614731311798,0.5671268105506897,0.40372413396835327,-0.01639861799776554
7,0.0,0.0,0.0,0.0,0.0,0.0,0.0,0.0,0.0,0.0,0.0,0.0,0.0,0.0,0.0,0.0,0.0,0.0,0.0,0.0,0.0,0.0,0.0,0.0,0.0,0.0,0.0,0.0,0.0,0.0,0.0,0.0,0.0,0.0,0.0,0.0,0.0,0.0,0.0,0.0,0.0,0.0,0.0,0.0,0.0,0.0,0.0,0.0,0.0,0.0,0.0,0.0,0.0,0.0,0.0,0.0,0.0,0.0,0.0,0.0,0.0,0.0,0.0,0.5359576344490051,0.5756834745407104,-9.740207929098688e-08,0.5094078183174133,0.5613490343093872,-0.010305945761501789,0.48695066571235657,0.5274670124053955,-0.01639728993177414,0.4696720838546753,0.4996541142463684,-0.022633541375398636,0.45394155383110046,0.484340637922287,-0.026839550584554672,0.5040138363838196,0.481661856174469,-0.005582381971180439,0.5013097524642944,0.4573582410812378,-0.01762298308312893,0.5071119666099548,0.48548656702041626,-0.02406962402164936,0.5112650394439697,0.510636031627655,-0.026294676586985588,0.5203129649162292,0.4766654372215271,-0.005094291642308235,0.518139123916626,0.4577200412750244,-0.01994389481842518,0.5214994549751282,0.49505215883255005,-0.02539759688079357,0.5235439538955688,0.5214652419090271,-0.02604379877448082,0.5363674759864807,0.47726285457611084,-0.0066759525798261166,0.5357368588447571,0.4574882388114929,-0.020955771207809448,0.5352658033370972,0.49479541182518005,-0.020725669339299202,0.5343714356422424,0.5239045023918152,-0.016526764258742332,0.5511064529418945,0.48184409737586975,-0.008978376165032387,0.5586463212966919,0.4472859501838684,-0.017273953184485435,0.5645103454589844,0.42565613985061646,-0.01877491921186447,0.5680309534072876,0.40366190671920776,-0.01804310642182827
8,0.0,0.0,0.0,0.0,0.0,0.0,0.0,0.0,0.0,0.0,0.0,0.0,0.0,0.0,0.0,0.0,0.0,0.0,0.0,0.0,0.0,0.0,0.0,0.0,0.0,0.0,0.0,0.0,0.0,0.0,0.0,0.0,0.0,0.0,0.0,0.0,0.0,0.0,0.0,0.0,0.0,0.0,0.0,0.0,0.0,0.0,0.0,0.0,0.0,0.0,0.0,0.0,0.0,0.0,0.0,0.0,0.0,0.0,0.0,0.0,0.0,0.0,0.0,0.5359576344490051,0.5756834745407104,-9.740207929098688e-08,0.5094078183174133,0.5613490343093872,-0.010305945761501789,0.48695066571235657,0.5274670124053955,-0.01639728993177414,0.4696720838546753,0.4996541142463684,-0.022633541375398636,0.45394155383110046,0.484340637922287,-0.026839550584554672,0.5040138363838196,0.481661856174469,-0.005582381971180439,0.5013097524642944,0.4573582410812378,-0.01762298308312893,0.5071119666099548,0.48548656702041626,-0.02406962402164936,0.5112650394439697,0.510636031627655,-0.026294676586985588,0.5203129649162292,0.4766654372215271,-0.005094291642308235,0.518139123916626,0.4577200412750244,-0.01994389481842518,0.5214994549751282,0.49505215883255005,-0.02539759688079357,0.5235439538955688,0.5214652419090271,-0.02604379877448082,0.5363674759864807,0.47726285457611084,-0.0066759525798261166,0.5357368588447571,0.4574882388114929,-0.020955771207809448,0.5352658033370972,0.49479541182518005,-0.020725669339299202,0.5343714356422424,0.5239045023918152,-0.016526764258742332,0.5511064529418945,0.48184409737586975,-0.008978376165032387,0.5586463212966919,0.4472859501838684,-0.017273953184485435,0.5645103454589844,0.42565613985061646,-0.01877491921186447,0.5680309534072876,0.40366190671920776,-0.01804310642182827
9,0.0,0.0,0.0,0.0,0.0,0.0,0.0,0.0,0.0,0.0,0.0,0.0,0.0,0.0,0.0,0.0,0.0,0.0,0.0,0.0,0.0,0.0,0.0,0.0,0.0,0.0,0.0,0.0,0.0,0.0,0.0,0.0,0.0,0.0,0.0,0.0,0.0,0.0,0.0,0.0,0.0,0.0,0.0,0.0,0.0,0.0,0.0,0.0,0.0,0.0,0.0,0.0,0.0,0.0,0.0,0.0,0.0,0.0,0.0,0.0,0.0,0.0,0.0,0.5359576344490051,0.5756834745407104,-9.740207929098688e-08,0.5094078183174133,0.5613490343093872,-0.010305945761501789,0.48695066571235657,0.5274670124053955,-0.01639728993177414,0.4696720838546753,0.4996541142463684,-0.022633541375398636,0.45394155383110046,0.484340637922287,-0.026839550584554672,0.5040138363838196,0.481661856174469,-0.005582381971180439,0.5013097524642944,0.4573582410812378,-0.01762298308312893,0.5071119666099548,0.48548656702041626,-0.02406962402164936,0.5112650394439697,0.510636031627655,-0.026294676586985588,0.5203129649162292,0.4766654372215271,-0.005094291642308235,0.518139123916626,0.4577200412750244,-0.01994389481842518,0.5214994549751282,0.49505215883255005,-0.02539759688079357,0.5235439538955688,0.5214652419090271,-0.02604379877448082,0.5363674759864807,0.47726285457611084,-0.0066759525798261166,0.5357368588447571,0.4574882388114929,-0.020955771207809448,0.5352658033370972,0.49479541182518005,-0.020725669339299202,0.5343714356422424,0.5239045023918152,-0.016526764258742332,0.5511064529418945,0.48184409737586975,-0.008978376165032387,0.5586463212966919,0.4472859501838684,-0.017273953184485435,0.5645103454589844,0.42565613985061646,-0.01877491921186447,0.5680309534072876,0.40366190671920776,-0.01804310642182827
10,0.0,0.0,0.0,0.0,0.0,0.0,0.0,0.0,0.0,0.0,0.0,0.0,0.0,0.0,0.0,0.0,0.0,0.0,0.0,0.0,0.0,0.0,0.0,0.0,0.0,0.0,0.0,0.0,0.0,0.0,0.0,0.0,0.0,0.0,0.0,0.0,0.0,0.0,0.0,0.0,0.0,0.0,0.0,0.0,0.0,0.0,0.0,0.0,0.0,0.0,0.0,0.0,0.0,0.0,0.0,0.0,0.0,0.0,0.0,0.0,0.0,0.0,0.0,0.536261260509491,0.5767343640327454,-9.651454035974893e-08,0.50958651304245,0.5597448348999023,-0.009381270036101341,0.48700398206710815,0.5252137780189514,-0.015080472454428673,0.47015470266342163,0.4971853196620941,-0.0210846196860075,0.45473501086235046,0.4816567897796631,-0.025049429386854172,0.5041715502738953,0.4805552363395691,-0.00456519378349185,0.5022897720336914,0.45632967352867126,-0.0163262952119112,0.5080364942550659,0.4851797819137573,-0.022659365087747574,0.5117220878601074,0.5097038745880127,-0.024682680144906044,0.5207041501998901,0.47651687264442444,-0.004388250410556793,0.5189131498336792,0.4566097855567932,-0.018496835604310036,0.5223011374473572,0.49340564012527466,-0.023476287722587585,0.5239084959030151,0.519653856754303,-0.023771023377776146,0.5370269417762756,0.47757068276405334,-0.0062349396757781506,0.5368109345436096,0.4578397572040558,-0.0198183786123991,0.5364275574684143,0.49417635798454285,-0.01939975470304489,0.5351868271827698,0.5226239562034607,-0.015073316171765327,0.5520979166030884,0.48207730054855347,-0.008754671551287174,0.5591577887535095,0.4475726783275604,-0.01598772034049034,0.5651811957359314,0.42615076899528503,-0.016822276636958122,0.5687962770462036,0.4047788083553314,-0.015692157670855522
11,0.0,0.0,0.0,0.0,0.0,0.0,0.0,0.0,0.0,0.0,0.0,0.0,0.0,0.0,0.0,0.0,0.0,0.0,0.0,0.0,0.0,0.0,0.0,0.0,0.0,0.0,0.0,0.0,0.0,0.0,0.0,0.0,0.0,0.0,0.0,0.0,0.0,0.0,0.0,0.0,0.0,0.0,0.0,0.0,0.0,0.0,0.0,0.0,0.0,0.0,0.0,0.0,0.0,0.0,0.0,0.0,0.0,0.0,0.0,0.0,0.0,0.0,0.0,0.5361685752868652,0.5734604001045227,-1.0250242610254645e-07,0.5096977353096008,0.5592537522315979,-0.009956053458154202,0.4874546527862549,0.5253165364265442,-0.01604699157178402,0.4707771837711334,0.49673300981521606,-0.02234322391450405,0.45527511835098267,0.4808976352214813,-0.02671768143773079,0.5053826570510864,0.48041999340057373,-0.005854202900081873,0.5031435489654541,0.45661821961402893,-0.017688317224383354,0.5082686543464661,0.48571351170539856,-0.024105452001094818,0.5116117000579834,0.5099645853042603,-0.02632078342139721,0.5218489170074463,0.47629475593566895,-0.005613753572106361,0.519887387752533,0.4567898213863373,-0.019931618124246597,0.522621750831604,0.49329596757888794,-0.02491625025868416,0.5238054394721985,0.5188032984733582,-0.02531694620847702,0.5381017327308655,0.4774300754070282,-0.007373990025371313,0.5377204418182373,0.45773398876190186,-0.021391430869698524,0.5369744300842285,0.49395084381103516,-0.021067820489406586,0.5353875160217285,0.5216854214668274,-0.016853749752044678,0.5530268549919128,0.48184695839881897,-0.009812096133828163,0.5601635575294495,0.4476117491722107,-0.017468512058258057,0.5660159587860107,0.42620471119880676,-0.018435698002576828,0.5695992708206177,0.4042789340019226,-0.01742321439087391
12,0.0,0.0,0.0,0.0,0.0,0.0,0.0,0.0,0.0,0.0,0.0,0.0,0.0,0.0,0.0,0.0,0.0,0.0,0.0,0.0,0.0,0.0,0.0,0.0,0.0,0.0,0.0,0.0,0.0,0.0,0.0,0.0,0.0,0.0,0.0,0.0,0.0,0.0,0.0,0.0,0.0,0.0,0.0,0.0,0.0,0.0,0.0,0.0,0.0,0.0,0.0,0.0,0.0,0.0,0.0,0.0,0.0,0.0,0.0,0.0,0.0,0.0,0.0,0.5361685752868652,0.5734604001045227,-1.0250242610254645e-07,0.5096977353096008,0.5592537522315979,-0.009956053458154202,0.4874546527862549,0.5253165364265442,-0.01604699157178402,0.4707771837711334,0.49673300981521606,-0.02234322391450405,0.45527511835098267,0.4808976352214813,-0.02671768143773079,0.5053826570510864,0.48041999340057373,-0.005854202900081873,0.5031435489654541,0.45661821961402893,-0.017688317224383354,0.5082686543464661,0.48571351170539856,-0.024105452001094818,0.5116117000579834,0.5099645853042603,-0.02632078342139721,0.5218489170074463,0.47629475593566895,-0.005613753572106361,0.519887387752533,0.4567898213863373,-0.019931618124246597,0.522621750831604,0.49329596757888794,-0.02491625025868416,0.5238054394721985,0.5188032984733582,-0.02531694620847702,0.5381017327308655,0.4774300754070282,-0.007373990025371313,0.5377204418182373,0.45773398876190186,-0.021391430869698524,0.5369744300842285,0.49395084381103516,-0.021067820489406586,0.5353875160217285,0.5216854214668274,-0.016853749752044678,0.5530268549919128,0.48184695839881897,-0.009812096133828163,0.5601635575294495,0.4476117491722107,-0.017468512058258057,0.5660159587860107,0.42620471119880676,-0.018435698002576828,0.5695992708206177,0.4042789340019226,-0.01742321439087391
13,0.0,0.0,0.0,0.0,0.0,0.0,0.0,0.0,0.0,0.0,0.0,0.0,0.0,0.0,0.0,0.0,0.0,0.0,0.0,0.0,0.0,0.0,0.0,0.0,0.0,0.0,0.0,0.0,0.0,0.0,0.0,0.0,0.0,0.0,0.0,0.0,0.0,0.0,0.0,0.0,0.0,0.0,0.0,0.0,0.0,0.0,0.0,0.0,0.0,0.0,0.0,0.0,0.0,0.0,0.0,0.0,0.0,0.0,0.0,0.0,0.0,0.0,0.0,0.5369698405265808,0.5734678506851196,-1.031033107778967e-07,0.5102779269218445,0.5589056015014648,-0.010017971508204937,0.4878966212272644,0.5256174206733704,-0.016152001917362213,0.4712236225605011,0.4969709515571594,-0.0223939660936594,0.45551371574401855,0.4810585081577301,-0.0266219824552536,0.5052308440208435,0.4802122414112091,-0.006533594336360693,0.5040031671524048,0.45638540387153625,-0.01805865205824375,0.5090770125389099,0.4857897162437439,-0.023966534063220024,0.5116342306137085,0.509925901889801,-0.025985706597566605,0.5221163034439087,0.47603482007980347,-0.006243958603590727,0.5206047892570496,0.45661088824272156,-0.020360862836241722,0.5232105255126953,0.49399253726005554,-0.025172341614961624,0.5237200856208801,0.5192025899887085,-0.02565181627869606,0.5387224555015564,0.47704291343688965,-0.007854372262954712,0.5385768413543701,0.4570906162261963,-0.02178536355495453,0.53802889585495,0.49390530586242676,-0.0211682990193367,0.5361260771751404,0.5216807723045349,-0.016970908269286156,0.5538567900657654,0.48141801357269287,-0.010107173584401608,0.5607227683067322,0.4474650025367737,-0.018028821796178818,0.5668186545372009,0.4261714816093445,-0.018935387954115868,0.5705179572105408,0.4041532576084137,-0.017934177070856094
14,0.0,0.0,0.0,0.0,0.0,0.0,0.0,0.0,0.0,0.0,0.0,0.0,0.0,0.0,0.0,0.0,0.0,0.0,0.0,0.0,0.0,0.0,0.0,0.0,0.0,0.0,0.0,0.0,0.0,0.0,0.0,0.0,0.0,0.0,0.0,0.0,0.0,0.0,0.0,0.0,0.0,0.0,0.0,0.0,0.0,0.0,0.0,0.0,0.0,0.0,0.0,0.0,0.0,0.0,0.0,0.0,0.0,0.0,0.0,0.0,0.0,0.0,0.0,0.5379617810249329,0.5718996524810791,-1.0324152555085675e-07,0.5112932920455933,0.5580798387527466,-0.01011625211685896,0.4889395833015442,0.5268850922584534,-0.01655185967683792,0.47216275334358215,0.49886447191238403,-0.02323410101234913,0.4570227861404419,0.48165029287338257,-0.02793782576918602,0.5066835880279541,0.4800439476966858,-0.006076103542000055,0.5051664113998413,0.4559583067893982,-0.017623234540224075,0.5103355050086975,0.48493215441703796,-0.023313337936997414,0.5131847858428955,0.5095095038414001,-0.024873193353414536,0.5232850313186646,0.4762367904186249,-0.005677187815308571,0.5217427611351013,0.4579484760761261,-0.019473502412438393,0.5248262882232666,0.49440667033195496,-0.024005327373743057,0.5258208513259888,0.5190340280532837,-0.024196511134505272,0.5397889018058777,0.47696956992149353,-0.007319131400436163,0.5390037894248962,0.4584081470966339,-0.021044060587882996,0.5382602214813232,0.49447718262672424,-0.02102550119161606,0.5363633036613464,0.5214295983314514,-0.01706884615123272,0.5551497936248779,0.4809141159057617,-0.009633151814341545,0.5622798204421997,0.446763277053833,-0.017224760726094246,0.5685738325119019,0.4258113503456116,-0.01845685951411724,0.5723777413368225,0.40451759099960327,-0.017620626837015152
15,0.0,0.0,0.0,0.0,0.0,0.0,0.0,0.0,0.0,0.0,0.0,0.0,0.0,0.0,0.0,0.0,0.0,0.0,0.0,0.0,0.0,0.0,0.0,0.0,0.0,0.0,0.0,0.0,0.0,0.0,0.0,0.0,0.0,0.0,0.0,0.0,0.0,0.0,0.0,0.0,0.0,0.0,0.0,0.0,0.0,0.0,0.0,0.0,0.0,0.0,0.0,0.0,0.0,0.0,0.0,0.0,0.0,0.0,0.0,0.0,0.0,0.0,0.0,0.5379617810249329,0.5718996524810791,-1.0324152555085675e-07,0.5112932920455933,0.5580798387527466,-0.01011625211685896,0.4889395833015442,0.5268850922584534,-0.01655185967683792,0.47216275334358215,0.49886447191238403,-0.02323410101234913,0.4570227861404419,0.48165029287338257,-0.02793782576918602,0.5066835880279541,0.4800439476966858,-0.006076103542000055,0.5051664113998413,0.4559583067893982,-0.017623234540224075,0.5103355050086975,0.48493215441703796,-0.023313337936997414,0.5131847858428955,0.5095095038414001,-0.024873193353414536,0.5232850313186646,0.4762367904186249,-0.005677187815308571,0.5217427611351013,0.4579484760761261,-0.019473502412438393,0.5248262882232666,0.49440667033195496,-0.024005327373743057,0.5258208513259888,0.5190340280532837,-0.024196511134505272,0.5397889018058777,0.47696956992149353,-0.007319131400436163,0.5390037894248962,0.4584081470966339,-0.021044060587882996,0.5382602214813232,0.49447718262672424,-0.02102550119161606,0.5363633036613464,0.5214295983314514,-0.01706884615123272,0.5551497936248779,0.4809141159057617,-0.009633151814341545,0.5622798204421997,0.446763277053833,-0.017224760726094246,0.5685738325119019,0.4258113503456116,-0.01845685951411724,0.5723777413368225,0.40451759099960327,-0.017620626837015152
16,0.0,0.0,0.0,0.0,0.0,0.0,0.0,0.0,0.0,0.0,0.0,0.0,0.0,0.0,0.0,0.0,0.0,0.0,0.0,0.0,0.0,0.0,0.0,0.0,0.0,0.0,0.0,0.0,0.0,0.0,0.0,0.0,0.0,0.0,0.0,0.0,0.0,0.0,0.0,0.0,0.0,0.0,0.0,0.0,0.0,0.0,0.0,0.0,0.0,0.0,0.0,0.0,0.0,0.0,0.0,0.0,0.0,0.0,0.0,0.0,0.0,0.0,0.0,0.5379164218902588,0.572291374206543,-1.0089132018720193e-07,0.5108528137207031,0.5583154559135437,-0.009664924815297127,0.48854339122772217,0.5263007879257202,-0.015647128224372864,0.472075879573822,0.49812012910842896,-0.02197350189089775,0.4569201171398163,0.4812498390674591,-0.026382043957710266,0.5065621733665466,0.4813452363014221,-0.005327260121703148,0.5049057006835938,0.45687389373779297,-0.016744721680879593,0.5105297565460205,0.48548293113708496,-0.02244674228131771,0.5136287212371826,0.5101845264434814,-0.02397150546312332,0.5232405662536621,0.47733786702156067,-0.0050577810034155846,0.5214230418205261,0.4582156836986542,-0.01849217154085636,0.5250471830368042,0.49418196082115173,-0.022944185882806778,0.5265654921531677,0.5189136266708374,-0.0231410451233387,0.5397767424583435,0.4776752293109894,-0.006818328518420458,0.5387570858001709,0.45830440521240234,-0.020013703033328056,0.5384887456893921,0.49385249614715576,-0.01988251693546772,0.5370905995368958,0.5208860039710999,-0.015966977924108505,0.5552080273628235,0.48098960518836975,-0.009263906627893448,0.5623335838317871,0.4463326334953308,-0.016387082636356354,0.5684051513671875,0.42534250020980835,-0.017444929108023643,0.5719988942146301,0.40453213453292847,-0.016568012535572052
17,0.0,0.0,0.0,0.0,0.0,0.0,0.0,0.0,0.0,0.0,0.0,0.0,0.0,0.0,0.0,0.0,0.0,0.0,0.0,0.0,0.0,0.0,0.0,0.0,0.0,0.0,0.0,0.0,0.0,0.0,0.0,0.0,0.0,0.0,0.0,0.0,0.0,0.0,0.0,0.0,0.0,0.0,0.0,0.0,0.0,0.0,0.0,0.0,0.0,0.0,0.0,0.0,0.0,0.0,0.0,0.0,0.0,0.0,0.0,0.0,0.0,0.0,0.0,0.5379164218902588,0.572291374206543,-1.0089132018720193e-07,0.5108528137207031,0.5583154559135437,-0.009664924815297127,0.48854339122772217,0.5263007879257202,-0.015647128224372864,0.472075879573822,0.49812012910842896,-0.02197350189089775,0.4569201171398163,0.4812498390674591,-0.026382043957710266,0.5065621733665466,0.4813452363014221,-0.005327260121703148,0.5049057006835938,0.45687389373779297,-0.016744721680879593,0.5105297565460205,0.48548293113708496,-0.02244674228131771,0.5136287212371826,0.5101845264434814,-0.02397150546312332,0.5232405662536621,0.47733786702156067,-0.0050577810034155846,0.5214230418205261,0.4582156836986542,-0.01849217154085636,0.5250471830368042,0.49418196082115173,-0.022944185882806778,0.5265654921531677,0.5189136266708374,-0.0231410451233387,0.5397767424583435,0.4776752293109894,-0.006818328518420458,0.5387570858001709,0.45830440521240234,-0.020013703033328056,0.5384887456893921,0.49385249614715576,-0.01988251693546772,0.5370905995368958,0.5208860039710999,-0.015966977924108505,0.5552080273628235,0.48098960518836975,-0.009263906627893448,0.5623335838317871,0.4463326334953308,-0.016387082636356354,0.5684051513671875,0.42534250020980835,-0.017444929108023643,0.5719988942146301,0.40453213453292847,-0.016568012535572052
18,0.0,0.0,0.0,0.0,0.0,0.0,0.0,0.0,0.0,0.0,0.0,0.0,0.0,0.0,0.0,0.0,0.0,0.0,0.0,0.0,0.0,0.0,0.0,0.0,0.0,0.0,0.0,0.0,0.0,0.0,0.0,0.0,0.0,0.0,0.0,0.0,0.0,0.0,0.0,0.0,0.0,0.0,0.0,0.0,0.0,0.0,0.0,0.0,0.0,0.0,0.0,0.0,0.0,0.0,0.0,0.0,0.0,0.0,0.0,0.0,0.0,0.0,0.0,0.5383140444755554,0.5725948810577393,-1.0964134133928383e-07,0.5113915205001831,0.5590289831161499,-0.010501760989427567,0.4889755845069885,0.5260099172592163,-0.016867395490407944,0.4721876084804535,0.4969470500946045,-0.02334778383374214,0.45641106367111206,0.4801238775253296,-0.027745936065912247,0.5079643726348877,0.4796814024448395,-0.006600236985832453,0.5057224035263062,0.45636922121047974,-0.018165845423936844,0.5112577676773071,0.48660412430763245,-0.02371411956846714,0.5144063234329224,0.5103715062141418,-0.025408703833818436,0.524421751499176,0.47575756907463074,-0.006083351094275713,0.5218766927719116,0.4581525921821594,-0.02018754929304123,0.5251986980438232,0.4952339231967926,-0.024654626846313477,0.5264947414398193,0.5187687873840332,-0.024972787126898766,0.5406320691108704,0.4768819212913513,-0.007608787156641483,0.5394996404647827,0.4576856195926666,-0.021463455632328987,0.5392134785652161,0.4930785298347473,-0.02104763872921467,0.5376410484313965,0.5191171169281006,-0.017071375623345375,0.5554836392402649,0.4809720814228058,-0.009855583310127258,0.5622866749763489,0.44699397683143616,-0.017549583688378334,0.5682145357131958,0.42608582973480225,-0.01872636377811432,0.5717222690582275,0.40433746576309204,-0.018023047596216202
19,0.0,0.0,0.0,0.0,0.0,0.0,0.0,0.0,0.0,0.0,0.0,0.0,0.0,0.0,0.0,0.0,0.0,0.0,0.0,0.0,0.0,0.0,0.0,0.0,0.0,0.0,0.0,0.0,0.0,0.0,0.0,0.0,0.0,0.0,0.0,0.0,0.0,0.0,0.0,0.0,0.0,0.0,0.0,0.0,0.0,0.0,0.0,0.0,0.0,0.0,0.0,0.0,0.0,0.0,0.0,0.0,0.0,0.0,0.0,0.0,0.0,0.0,0.0,0.5384442210197449,0.5722551345825195,-1.0719524823343818e-07,0.5114260911941528,0.5589305758476257,-0.010467571206390858,0.48901206254959106,0.5265766382217407,-0.01692207157611847,0.47212985157966614,0.4977593719959259,-0.02351948246359825,0.4564283788204193,0.4810781478881836,-0.028040768578648567,0.5070933699607849,0.4792822599411011,-0.006606690119951963,0.5051416158676147,0.4563215374946594,-0.018290456384420395,0.5112046003341675,0.48619115352630615,-0.02392681874334812,0.5146833062171936,0.5099704265594482,-0.025617467239499092,0.5237367153167725,0.4751700162887573,-0.00616185087710619,0.5219013690948486,0.45807480812072754,-0.02022116631269455,0.5255945324897766,0.49500909447669983,-0.024670932441949844,0.5268108248710632,0.5187474489212036,-0.024949917569756508,0.540183961391449,0.4762580394744873,-0.007768799550831318,0.5393911004066467,0.4581225514411926,-0.02178037166595459,0.5393992066383362,0.4942874610424042,-0.02140546776354313,0.5378490686416626,0.5207400918006897,-0.017345020547509193,0.5553251504898071,0.4807415008544922,-0.010085415095090866,0.5622879862785339,0.44710612297058105,-0.01787828654050827,0.5684537291526794,0.42629992961883545,-0.019034916535019875,0.5720269680023193,0.4045597314834595,-0.018252115696668625
20,0.0,0.0,0.0,0.0,0.0,0.0,0.0,0.0,0.0,0.0,0.0,0.0,0.0,0.0,0.0,0.0,0.0,0.0,0.0,0.0,0.0,0.0,0.0,0.0,0.0,0.0,0.0,0.0,0.0,0.0,0.0,0.0,0.0,0.0,0.0,0.0,0.0,0.0,0.0,0.0,0.0,0.0,0.0,0.0,0.0,0.0,0.0,0.0,0.0,0.0,0.0,0.0,0.0,0.0,0.0,0.0,0.0,0.0,0.0,0.0,0.0,0.0,0.0,0.5384442210197449,0.5722551345825195,-1.0719524823343818e-07,0.5114260911941528,0.5589305758476257,-0.010467571206390858,0.48901206254959106,0.5265766382217407,-0.01692207157611847,0.47212985157966614,0.4977593719959259,-0.02351948246359825,0.4564283788204193,0.4810781478881836,-0.028040768578648567,0.5070933699607849,0.4792822599411011,-0.006606690119951963,0.5051416158676147,0.4563215374946594,-0.018290456384420395,0.5112046003341675,0.48619115352630615,-0.02392681874334812,0.5146833062171936,0.5099704265594482,-0.025617467239499092,0.5237367153167725,0.4751700162887573,-0.00616185087710619,0.5219013690948486,0.45807480812072754,-0.02022116631269455,0.5255945324897766,0.49500909447669983,-0.024670932441949844,0.5268108248710632,0.5187474489212036,-0.024949917569756508,0.540183961391449,0.4762580394744873,-0.007768799550831318,0.5393911004066467,0.4581225514411926,-0.02178037166595459,0.5393992066383362,0.4942874610424042,-0.02140546776354313,0.5378490686416626,0.5207400918006897,-0.017345020547509193,0.5553251504898071,0.4807415008544922,-0.010085415095090866,0.5622879862785339,0.44710612297058105,-0.01787828654050827,0.5684537291526794,0.42629992961883545,-0.019034916535019875,0.5720269680023193,0.4045597314834595,-0.018252115696668625
21,0.0,0.0,0.0,0.0,0.0,0.0,0.0,0.0,0.0,0.0,0.0,0.0,0.0,0.0,0.0,0.0,0.0,0.0,0.0,0.0,0.0,0.0,0.0,0.0,0.0,0.0,0.0,0.0,0.0,0.0,0.0,0.0,0.0,0.0,0.0,0.0,0.0,0.0,0.0,0.0,0.0,0.0,0.0,0.0,0.0,0.0,0.0,0.0,0.0,0.0,0.0,0.0,0.0,0.0,0.0,0.0,0.0,0.0,0.0,0.0,0.0,0.0,0.0,0.5383979082107544,0.571357011795044,-1.0142035478111211e-07,0.511546790599823,0.558316707611084,-0.01052918378263712,0.48909586668014526,0.5266934037208557,-0.016877781599760056,0.4723018407821655,0.4985724985599518,-0.02351957932114601,0.45702263712882996,0.48153990507125854,-0.028152259066700935,0.5069908499717712,0.4809424579143524,-0.00538993626832962,0.5054014325141907,0.45680367946624756,-0.01713051088154316,0.5117048025131226,0.4857078194618225,-0.022993339225649834,0.5154902338981628,0.5103691220283508,-0.024622555822134018,0.5236857533454895,0.47670650482177734,-0.004756075330078602,0.5220604538917542,0.4579457640647888,-0.018740791827440262,0.5259840488433838,0.49469369649887085,-0.02332512103021145,0.527238130569458,0.5194037556648254,-0.023466484621167183,0.5400676727294922,0.4770970940589905,-0.006303037982434034,0.5390771627426147,0.45738300681114197,-0.020297424867749214,0.5392849445343018,0.4939267635345459,-0.020262310281395912,0.5379851460456848,0.5212408900260925,-0.016148576512932777,0.5553315877914429,0.4808688759803772,-0.008584386669099331,0.5629122853279114,0.44682273268699646,-0.016206344589591026,0.5693104267120361,0.4259260892868042,-0.01745973527431488,0.5728963017463684,0.40438002347946167,-0.016615040600299835
22,0.0,0.0,0.0,0.0,0.0,0.0,0.0,0.0,0.0,0.0,0.0,0.0,0.0,0.0,0.0,0.0,0.0,0.0,0.0,0.0,0.0,0.0,0.0,0.0,0.0,0.0,0.0,0.0,0.0,0.0,0.0,0.0,0.0,0.0,0.0,0.0,0.0,0.0,0.0,0.0,0.0,0.0,0.0,0.0,0.0,0.0,0.0,0.0,0.0,0.0,0.0,0.0,0.0,0.0,0.0,0.0,0.0,0.0,0.0,0.0,0.0,0.0,0.0,0.5383979082107544,0.571357011795044,-1.0142035478111211e-07,0.511546790599823,0.558316707611084,-0.01052918378263712,0.48909586668014526,0.5266934037208557,-0.016877781599760056,0.4723018407821655,0.4985724985599518,-0.02351957932114601,0.45702263712882996,0.48153990507125854,-0.028152259066700935,0.5069908499717712,0.4809424579143524,-0.00538993626832962,0.5054014325141907,0.45680367946624756,-0.01713051088154316,0.5117048025131226,0.4857078194618225,-0.022993339225649834,0.5154902338981628,0.5103691220283508,-0.024622555822134018,0.5236857533454895,0.47670650482177734,-0.004756075330078602,0.5220604538917542,0.4579457640647888,-0.018740791827440262,0.5259840488433838,0.49469369649887085,-0.02332512103021145,0.527238130569458,0.5194037556648254,-0.023466484621167183,0.5400676727294922,0.4770970940589905,-0.006303037982434034,0.5390771627426147,0.45738300681114197,-0.020297424867749214,0.5392849445343018,0.4939267635345459,-0.020262310281395912,0.5379851460456848,0.5212408900260925,-0.016148576512932777,0.5553315877914429,0.4808688759803772,-0.008584386669099331,0.5629122853279114,0.44682273268699646,-0.016206344589591026,0.5693104267120361,0.4259260892868042,-0.01745973527431488,0.5728963017463684,0.40438002347946167,-0.016615040600299835
23,0.0,0.0,0.0,0.0,0.0,0.0,0.0,0.0,0.0,0.0,0.0,0.0,0.0,0.0,0.0,0.0,0.0,0.0,0.0,0.0,0.0,0.0,0.0,0.0,0.0,0.0,0.0,0.0,0.0,0.0,0.0,0.0,0.0,0.0,0.0,0.0,0.0,0.0,0.0,0.0,0.0,0.0,0.0,0.0,0.0,0.0,0.0,0.0,0.0,0.0,0.0,0.0,0.0,0.0,0.0,0.0,0.0,0.0,0.0,0.0,0.0,0.0,0.0,0.5384081602096558,0.572969913482666,-9.856863414370309e-08,0.5114002227783203,0.5592020750045776,-0.010077317245304585,0.48867878317832947,0.5256593227386475,-0.01605175994336605,0.4718439280986786,0.4979296028614044,-0.02223234996199608,0.4564874768257141,0.48253333568573,-0.026474284008145332,0.5061703324317932,0.48189613223075867,-0.006059088744223118,0.5040716528892517,0.45744672417640686,-0.017918629571795464,0.5101881623268127,0.48557597398757935,-0.02414502389729023,0.5141989588737488,0.5094354152679443,-0.026189129799604416,0.5228887796401978,0.47763389348983765,-0.005753904581069946,0.5212537050247192,0.45752349495887756,-0.02037510834634304,0.5245307683944702,0.49415117502212524,-0.025371739640831947,0.5258533954620361,0.5199905633926392,-0.025679169222712517,0.539251983165741,0.47839802503585815,-0.007463319692760706,0.5387896299362183,0.45754000544548035,-0.021849485114216805,0.538733184337616,0.4939212501049042,-0.021559106186032295,0.5377819538116455,0.5220983028411865,-0.017222117632627487,0.5542827844619751,0.4825018346309662,-0.009843872860074043,0.5615025758743286,0.4477814733982086,-0.01780422031879425,0.5675046443939209,0.42618775367736816,-0.018931061029434204,0.5712023377418518,0.4043464958667755,-0.01796359196305275
24,0.0,0.0,0.0,0.0,0.0,0.0,0.0,0.0,0.0,0.0,0.0,0.0,0.0,0.0,0.0,0.0,0.0,0.0,0.0,0.0,0.0,0.0,0.0,0.0,0.0,0.0,0.0,0.0,0.0,0.0,0.0,0.0,0.0,0.0,0.0,0.0,0.0,0.0,0.0,0.0,0.0,0.0,0.0,0.0,0.0,0.0,0.0,0.0,0.0,0.0,0.0,0.0,0.0,0.0,0.0,0.0,0.0,0.0,0.0,0.0,0.0,0.0,0.0,0.538261353969574,0.5712591409683228,-1.0119776305828054e-07,0.5116032958030701,0.5595237016677856,-0.010589935816824436,0.4883931875228882,0.5274512767791748,-0.01694566197693348,0.47141754627227783,0.5002982020378113,-0.023353882133960724,0.4559769034385681,0.48429688811302185,-0.02777288481593132,0.5054640769958496,0.48175159096717834,-0.006975973024964333,0.5041574239730835,0.45812106132507324,-0.01871633529663086,0.5107096433639526,0.48641544580459595,-0.024901773780584335,0.5145459771156311,0.5109297037124634,-0.027038579806685448,0.522200882434845,0.4768475890159607,-0.0065010241232812405,0.5209511518478394,0.45552241802215576,-0.021114885807037354,0.5246192812919617,0.49329614639282227,-0.026147695258259773,0.5258238911628723,0.5209203362464905,-0.026507258415222168,0.5384933948516846,0.4775254428386688,-0.008001956157386303,0.5383949875831604,0.457734078168869,-0.022431178018450737,0.5386526584625244,0.49545174837112427,-0.022298384457826614,0.5375721454620361,0.5248318314552307,-0.01809725910425186,0.5535255670547485,0.4820196330547333,-0.010201651602983475,0.5605975985527039,0.4475215673446655,-0.018384573981165886,0.5667836666107178,0.42651575803756714,-0.019693754613399506,0.5705586671829224,0.40537533164024353,-0.018904974684119225
25,0.0,0.0,0.0,0.0,0.0,0.0,0.0,0.0,0.0,0.0,0.0,0.0,0.0,0.0,0.0,0.0,0.0,0.0,0.0,0.0,0.0,0.0,0.0,0.0,0.0,0.0,0.0,0.0,0.0,0.0,0.0,0.0,0.0,0.0,0.0,0.0,0.0,0.0,0.0,0.0,0.0,0.0,0.0,0.0,0.0,0.0,0.0,0.0,0.0,0.0,0.0,0.0,0.0,0.0,0.0,0.0,0.0,0.0,0.0,0.0,0.0,0.0,0.0,0.538261353969574,0.5712591409683228,-1.0119776305828054e-07,0.5116032958030701,0.5595237016677856,-0.010589935816824436,0.4883931875228882,0.5274512767791748,-0.01694566197693348,0.47141754627227783,0.5002982020378113,-0.023353882133960724,0.4559769034385681,0.48429688811302185,-0.02777288481593132,0.5054640769958496,0.48175159096717834,-0.006975973024964333,0.5041574239730835,0.45812106132507324,-0.01871633529663086,0.5107096433639526,0.48641544580459595,-0.024901773780584335,0.5145459771156311,0.5109297037124634,-0.027038579806685448,0.522200882434845,0.4768475890159607,-0.0065010241232812405,0.5209511518478394,0.45552241802215576,-0.021114885807037354,0.5246192812919617,0.49329614639282227,-0.026147695258259773,0.5258238911628723,0.5209203362464905,-0.026507258415222168,0.5384933948516846,0.4775254428386688,-0.008001956157386303,0.5383949875831604,0.457734078168869,-0.022431178018450737,0.5386526584625244,0.49545174837112427,-0.022298384457826614,0.5375721454620361,0.5248318314552307,-0.01809725910425186,0.5535255670547485,0.4820196330547333,-0.010201651602983475,0.5605975985527039,0.4475215673446655,-0.018384573981165886,0.5667836666107178,0.42651575803756714,-0.019693754613399506,0.5705586671829224,0.40537533164024353,-0.018904974684119225
26,0.0,0.0,0.0,0.0,0.0,0.0,0.0,0.0,0.0,0.0,0.0,0.0,0.0,0.0,0.0,0.0,0.0,0.0,0.0,0.0,0.0,0.0,0.0,0.0,0.0,0.0,0.0,0.0,0.0,0.0,0.0,0.0,0.0,0.0,0.0,0.0,0.0,0.0,0.0,0.0,0.0,0.0,0.0,0.0,0.0,0.0,0.0,0.0,0.0,0.0,0.0,0.0,0.0,0.0,0.0,0.0,0.0,0.0,0.0,0.0,0.0,0.0,0.0,0.5382839441299438,0.5732496380805969,-1.0245146597753774e-07,0.5115032196044922,0.5606666207313538,-0.010522805154323578,0.48832666873931885,0.5277368426322937,-0.016956491395831108,0.4711584746837616,0.4997747838497162,-0.023535214364528656,0.45509177446365356,0.4837867021560669,-0.02824748493731022,0.5056759119033813,0.48100176453590393,-0.006189413834363222,0.5044510960578918,0.4588233530521393,-0.017980853095650673,0.5102065205574036,0.48704665899276733,-0.02461499534547329,0.5132753849029541,0.5108304619789124,-0.027082223445177078,0.5224164724349976,0.47644877433776855,-0.0058076037093997,0.520871102809906,0.4570266902446747,-0.020174024626612663,0.5244487524032593,0.4939802885055542,-0.025534259155392647,0.525521993637085,0.5201973915100098,-0.026215529069304466,0.5389650464057922,0.47741636633872986,-0.0073923212476074696,0.5386334657669067,0.45826148986816406,-0.021625710651278496,0.5391182899475098,0.49547338485717773,-0.02145966701209545,0.5378826260566711,0.5241414308547974,-0.017274171113967896,0.5542157888412476,0.4819841980934143,-0.009669223800301552,0.5602821707725525,0.44736015796661377,-0.017382778227329254,0.5661002397537231,0.4261457324028015,-0.018138669431209564,0.5695950388908386,0.4049290418624878,-0.016946902498602867
27,0.0,0.0,0.0,0.0,0.0,0.0,0.0,0.0,0.0,0.0,0.0,0.0,0.0,0.0,0.0,0.0,0.0,0.0,0.0,0.0,0.0,0.0,0.0,0.0,0.0,0.0,0.0,0.0,0.0,0.0,0.0,0.0,0.0,0.0,0.0,0.0,0.0,0.0,0.0,0.0,0.0,0.0,0.0,0.0,0.0,0.0,0.0,0.0,0.0,0.0,0.0,0.0,0.0,0.0,0.0,0.0,0.0,0.0,0.0,0.0,0.0,0.0,0.0,0.5382839441299438,0.5732496380805969,-1.0245146597753774e-07,0.5115032196044922,0.5606666207313538,-0.010522805154323578,0.48832666873931885,0.5277368426322937,-0.016956491395831108,0.4711584746837616,0.4997747838497162,-0.023535214364528656,0.45509177446365356,0.4837867021560669,-0.02824748493731022,0.5056759119033813,0.48100176453590393,-0.006189413834363222,0.5044510960578918,0.4588233530521393,-0.017980853095650673,0.5102065205574036,0.48704665899276733,-0.02461499534547329,0.5132753849029541,0.5108304619789124,-0.027082223445177078,0.5224164724349976,0.47644877433776855,-0.0058076037093997,0.520871102809906,0.4570266902446747,-0.020174024626612663,0.5244487524032593,0.4939802885055542,-0.025534259155392647,0.525521993637085,0.5201973915100098,-0.026215529069304466,0.5389650464057922,0.47741636633872986,-0.0073923212476074696,0.5386334657669067,0.45826148986816406,-0.021625710651278496,0.5391182899475098,0.49547338485717773,-0.02145966701209545,0.5378826260566711,0.5241414308547974,-0.017274171113967896,0.5542157888412476,0.4819841980934143,-0.009669223800301552,0.5602821707725525,0.44736015796661377,-0.017382778227329254,0.5661002397537231,0.4261457324028015,-0.018138669431209564,0.5695950388908386,0.4049290418624878,-0.016946902498602867
28,0.0,0.0,0.0,0.0,0.0,0.0,0.0,0.0,0.0,0.0,0.0,0.0,0.0,0.0,0.0,0.0,0.0,0.0,0.0,0.0,0.0,0.0,0.0,0.0,0.0,0.0,0.0,0.0,0.0,0.0,0.0,0.0,0.0,0.0,0.0,0.0,0.0,0.0,0.0,0.0,0.0,0.0,0.0,0.0,0.0,0.0,0.0,0.0,0.0,0.0,0.0,0.0,0.0,0.0,0.0,0.0,0.0,0.0,0.0,0.0,0.0,0.0,0.0,0.5382248163223267,0.5721288323402405,-1.1209832706526868e-07,0.5112406015396118,0.5604992508888245,-0.010294360108673573,0.48838746547698975,0.5281510353088379,-0.016331752762198448,0.47160401940345764,0.500187873840332,-0.022609999403357506,0.45585519075393677,0.48413944244384766,-0.026983389630913734,0.5055217742919922,0.4823554754257202,-0.005472844932228327,0.5038890838623047,0.45955556631088257,-0.017259562388062477,0.5098565816879272,0.4880943298339844,-0.023892924189567566,0.5135092735290527,0.5123035311698914,-0.026398567482829094,0.5220755934715271,0.4773268699645996,-0.005229127127677202,0.5202814340591431,0.45690488815307617,-0.019932784140110016,0.5238710045814514,0.4948517382144928,-0.025554725900292397,0.5255526304244995,0.5222237706184387,-0.026326177641749382,0.5383819341659546,0.47785821557044983,-0.00698775053024292,0.5381935834884644,0.45845043659210205,-0.021695081144571304,0.5385227203369141,0.4964143931865692,-0.021792707964777946,0.5377988219261169,0.5258090496063232,-0.017658233642578125,0.5535525679588318,0.4822574257850647,-0.009434174746274948,0.5603004693984985,0.4474380314350128,-0.017841186374425888,0.5664708614349365,0.4258372187614441,-0.019131895154714584,0.5705962181091309,0.4044753313064575,-0.01825057715177536
29,0.0,0.0,0.0,0.0,0.0,0.0,0.0,0.0,0.0,0.0,0.0,0.0,0.0,0.0,0.0,0.0,0.0,0.0,0.0,0.0,0.0,0.0,0.0,0.0,0.0,0.0,0.0,0.0,0.0,0.0,0.0,0.0,0.0,0.0,0.0,0.0,0.0,0.0,0.0,0.0,0.0,0.0,0.0,0.0,0.0,0.0,0.0,0.0,0.0,0.0,0.0,0.0,0.0,0.0,0.0,0.0,0.0,0.0,0.0,0.0,0.0,0.0,0.0,0.5380157232284546,0.5722534656524658,-1.1592104698365802e-07,0.5113902688026428,0.5603293180465698,-0.009944053366780281,0.48845362663269043,0.5278747081756592,-0.01568017341196537,0.47153154015541077,0.5005548596382141,-0.021702677011489868,0.4563237726688385,0.48472949862480164,-0.02582404762506485,0.5055888295173645,0.481974720954895,-0.005266084801405668,0.50450199842453,0.4587709307670593,-0.016995035111904144,0.5104727745056152,0.48627692461013794,-0.02334500104188919,0.5138769745826721,0.510482132434845,-0.02557368017733097,0.5220735669136047,0.4774903655052185,-0.005067181773483753,0.5209231972694397,0.4585825800895691,-0.02002965472638607,0.5243561267852783,0.49651411175727844,-0.02554764226078987,0.5256075263023376,0.5239306688308716,-0.02614087611436844,0.5381278395652771,0.47789129614830017,-0.006864236202090979,0.5380328893661499,0.4579240381717682,-0.02185427024960518,0.5382063388824463,0.4957120418548584,-0.022115433588624,0.5371925234794617,0.5248242616653442,-0.01798771508038044,0.5528032183647156,0.4820649325847626,-0.009267737157642841,0.560026228427887,0.44773152470588684,-0.017881039530038834,0.5663842558860779,0.42668086290359497,-0.019368039444088936,0.570344090461731,0.40517038106918335,-0.01853657327592373
30,0.0,0.0,0.0,0.0,0.0,0.0,0.0,0.0,0.0,0.0,0.0,0.0,0.0,0.0,0.0,0.0,0.0,0.0,0.0,0.0,0.0,0.0,0.0,0.0,0.0,0.0,0.0,0.0,0.0,0.0,0.0,0.0,0.0,0.0,0.0,0.0,0.0,0.0,0.0,0.0,0.0,0.0,0.0,0.0,0.0,0.0,0.0,0.0,0.0,0.0,0.0,0.0,0.0,0.0,0.0,0.0,0.0,0.0,0.0,0.0,0.0,0.0,0.0,0.5380157232284546,0.5722534656524658,-1.1592104698365802e-07,0.5113902688026428,0.5603293180465698,-0.009944053366780281,0.48845362663269043,0.5278747081756592,-0.01568017341196537,0.47153154015541077,0.5005548596382141,-0.021702677011489868,0.4563237726688385,0.48472949862480164,-0.02582404762506485,0.5055888295173645,0.481974720954895,-0.005266084801405668,0.50450199842453,0.4587709307670593,-0.016995035111904144,0.5104727745056152,0.48627692461013794,-0.02334500104188919,0.5138769745826721,0.510482132434845,-0.02557368017733097,0.5220735669136047,0.4774903655052185,-0.005067181773483753,0.5209231972694397,0.4585825800895691,-0.02002965472638607,0.5243561267852783,0.49651411175727844,-0.02554764226078987,0.5256075263023376,0.5239306688308716,-0.02614087611436844,0.5381278395652771,0.47789129614830017,-0.006864236202090979,0.5380328893661499,0.4579240381717682,-0.02185427024960518,0.5382063388824463,0.4957120418548584,-0.022115433588624,0.5371925234794617,0.5248242616653442,-0.01798771508038044,0.5528032183647156,0.4820649325847626,-0.009267737157642841,0.560026228427887,0.44773152470588684,-0.017881039530038834,0.5663842558860779,0.42668086290359497,-0.019368039444088936,0.570344090461731,0.40517038106918335,-0.01853657327592373
31,0.0,0.0,0.0,0.0,0.0,0.0,0.0,0.0,0.0,0.0,0.0,0.0,0.0,0.0,0.0,0.0,0.0,0.0,0.0,0.0,0.0,0.0,0.0,0.0,0.0,0.0,0.0,0.0,0.0,0.0,0.0,0.0,0.0,0.0,0.0,0.0,0.0,0.0,0.0,0.0,0.0,0.0,0.0,0.0,0.0,0.0,0.0,0.0,0.0,0.0,0.0,0.0,0.0,0.0,0.0,0.0,0.0,0.0,0.0,0.0,0.0,0.0,0.0,0.5380818843841553,0.5715130567550659,-1.2050203679336846e-07,0.5110503435134888,0.5606550574302673,-0.009940434247255325,0.488208144903183,0.528353750705719,-0.01588207110762596,0.47116023302078247,0.5008924007415771,-0.022109687328338623,0.45539963245391846,0.48527684807777405,-0.026503369212150574,0.5055615901947021,0.4819083511829376,-0.005359355825930834,0.504116952419281,0.45964351296424866,-0.01734198071062565,0.5098841786384583,0.4876522719860077,-0.02393149398267269,0.5133163332939148,0.51145339012146,-0.026401393115520477,0.5221191644668579,0.4772499203681946,-0.0052846092730760574,0.5205231308937073,0.4587201774120331,-0.020380644127726555,0.5237330794334412,0.4968208372592926,-0.026048816740512848,0.5255160331726074,0.5235759615898132,-0.026802366599440575,0.5380917191505432,0.477730393409729,-0.00720931263640523,0.5379908084869385,0.45824119448661804,-0.02236376889050007,0.5376461148262024,0.49589231610298157,-0.0226859450340271,0.5365127325057983,0.524381697177887,-0.018651679158210754,0.5526743531227112,0.482002854347229,-0.009717440232634544,0.5593670606613159,0.4479461908340454,-0.01844368875026703,0.5650560259819031,0.4272375702857971,-0.019881712272763252,0.568654477596283,0.40596726536750793,-0.019037218764424324
32,0.0,0.0,0.0,0.0,0.0,0.0,0.0,0.0,0.0,0.0,0.0,0.0,0.0,0.0,0.0,0.0,0.0,0.0,0.0,0.0,0.0,0.0,0.0,0.0,0.0,0.0,0.0,0.0,0.0,0.0,0.0,0.0,0.0,0.0,0.0,0.0,0.0,0.0,0.0,0.0,0.0,0.0,0.0,0.0,0.0,0.0,0.0,0.0,0.0,0.0,0.0,0.0,0.0,0.0,0.0,0.0,0.0,0.0,0.0,0.0,0.0,0.0,0.0,0.5380818843841553,0.5715130567550659,-1.2050203679336846e-07,0.5110503435134888,0.5606550574302673,-0.009940434247255325,0.488208144903183,0.528353750705719,-0.01588207110762596,0.47116023302078247,0.5008924007415771,-0.022109687328338623,0.45539963245391846,0.48527684807777405,-0.026503369212150574,0.5055615901947021,0.4819083511829376,-0.005359355825930834,0.504116952419281,0.45964351296424866,-0.01734198071062565,0.5098841786384583,0.4876522719860077,-0.02393149398267269,0.5133163332939148,0.51145339012146,-0.026401393115520477,0.5221191644668579,0.4772499203681946,-0.0052846092730760574,0.5205231308937073,0.4587201774120331,-0.020380644127726555,0.5237330794334412,0.4968208372592926,-0.026048816740512848,0.5255160331726074,0.5235759615898132,-0.026802366599440575,0.5380917191505432,0.477730393409729,-0.00720931263640523,0.5379908084869385,0.45824119448661804,-0.02236376889050007,0.5376461148262024,0.49589231610298157,-0.0226859450340271,0.5365127325057983,0.524381697177887,-0.018651679158210754,0.5526743531227112,0.482002854347229,-0.009717440232634544,0.5593670606613159,0.4479461908340454,-0.01844368875026703,0.5650560259819031,0.4272375702857971,-0.019881712272763252,0.568654477596283,0.40596726536750793,-0.019037218764424324
33,0.0,0.0,0.0,0.0,0.0,0.0,0.0,0.0,0.0,0.0,0.0,0.0,0.0,0.0,0.0,0.0,0.0,0.0,0.0,0.0,0.0,0.0,0.0,0.0,0.0,0.0,0.0,0.0,0.0,0.0,0.0,0.0,0.0,0.0,0.0,0.0,0.0,0.0,0.0,0.0,0.0,0.0,0.0,0.0,0.0,0.0,0.0,0.0,0.0,0.0,0.0,0.0,0.0,0.0,0.0,0.0,0.0,0.0,0.0,0.0,0.0,0.0,0.0,0.5381643772125244,0.574374258518219,-1.1429528967710212e-07,0.511408269405365,0.5615987777709961,-0.009583255276083946,0.4884716868400574,0.5287681818008423,-0.015391378663480282,0.47119784355163574,0.501187264919281,-0.021536488085985184,0.45551517605781555,0.48600566387176514,-0.025831416249275208,0.5057594180107117,0.48080572485923767,-0.00482272868975997,0.5035280585289001,0.45922642946243286,-0.017476988956332207,0.509492814540863,0.48795247077941895,-0.024628978222608566,0.5134608149528503,0.5140870213508606,-0.027199773117899895,0.5221695303916931,0.4769590497016907,-0.0048548392951488495,0.5199630260467529,0.4582771360874176,-0.02046758495271206,0.5237872004508972,0.49549227952957153,-0.026559805497527122,0.5263003706932068,0.5235042572021484,-0.02740206941962242,0.5380364656448364,0.4779931902885437,-0.006955309305340052,0.5375014543533325,0.4603785276412964,-0.022166695445775986,0.5371649861335754,0.49663275480270386,-0.022825662046670914,0.5360982418060303,0.5248972177505493,-0.01894172839820385,0.5526013970375061,0.4824112355709076,-0.009607494808733463,0.5594176650047302,0.44718682765960693,-0.01820523850619793,0.5647855997085571,0.42543601989746094,-0.019768688827753067,0.5676289796829224,0.40323126316070557,-0.01901983842253685
34,0.0,0.0,0.0,0.0,0.0,0.0,0.0,0.0,0.0,0.0,0.0,0.0,0.0,0.0,0.0,0.0,0.0,0.0,0.0,0.0,0.0,0.0,0.0,0.0,0.0,0.0,0.0,0.0,0.0,0.0,0.0,0.0,0.0,0.0,0.0,0.0,0.0,0.0,0.0,0.0,0.0,0.0,0.0,0.0,0.0,0.0,0.0,0.0,0.0,0.0,0.0,0.0,0.0,0.0,0.0,0.0,0.0,0.0,0.0,0.0,0.0,0.0,0.0,0.5386816263198853,0.5759788155555725,-1.1455758652800796e-07,0.5117825269699097,0.5626086592674255,-0.009502449072897434,0.48855361342430115,0.5286493301391602,-0.015024034306406975,0.4711022675037384,0.5006228089332581,-0.02088123932480812,0.45542797446250916,0.48581644892692566,-0.02485467679798603,0.5054133534431458,0.480588436126709,-0.004616039339452982,0.5032457113265991,0.45876678824424744,-0.017129510641098022,0.5099877119064331,0.4874504804611206,-0.023968828842043877,0.5143457055091858,0.5129321217536926,-0.026294274255633354,0.5219278931617737,0.47641125321388245,-0.004609725903719664,0.5197962522506714,0.4579746127128601,-0.02005186304450035,0.5242401361465454,0.4964081645011902,-0.02578354813158512,0.5269339680671692,0.5242918133735657,-0.02632616087794304,0.5379511713981628,0.47752147912979126,-0.006679827813059092,0.5369516015052795,0.46011170744895935,-0.021820547059178352,0.5371950268745422,0.49731460213661194,-0.022253358736634254,0.5366867780685425,0.5256074666976929,-0.018160486593842506,0.5526967644691467,0.48228487372398376,-0.009305372834205627,0.5594222545623779,0.44711318612098694,-0.01793995313346386,0.5652026534080505,0.4259280264377594,-0.019487442448735237,0.5686203837394714,0.40443360805511475,-0.01864836923778057
35,0.0,0.0,0.0,0.0,0.0,0.0,0.0,0.0,0.0,0.0,0.0,0.0,0.0,0.0,0.0,0.0,0.0,0.0,0.0,0.0,0.0,0.0,0.0,0.0,0.0,0.0,0.0,0.0,0.0,0.0,0.0,0.0,0.0,0.0,0.0,0.0,0.0,0.0,0.0,0.0,0.0,0.0,0.0,0.0,0.0,0.0,0.0,0.0,0.0,0.0,0.0,0.0,0.0,0.0,0.0,0.0,0.0,0.0,0.0,0.0,0.0,0.0,0.0,0.5386816263198853,0.5759788155555725,-1.1455758652800796e-07,0.5117825269699097,0.5626086592674255,-0.009502449072897434,0.48855361342430115,0.5286493301391602,-0.015024034306406975,0.4711022675037384,0.5006228089332581,-0.02088123932480812,0.45542797446250916,0.48581644892692566,-0.02485467679798603,0.5054133534431458,0.480588436126709,-0.004616039339452982,0.5032457113265991,0.45876678824424744,-0.017129510641098022,0.5099877119064331,0.4874504804611206,-0.023968828842043877,0.5143457055091858,0.5129321217536926,-0.026294274255633354,0.5219278931617737,0.47641125321388245,-0.004609725903719664,0.5197962522506714,0.4579746127128601,-0.02005186304450035,0.5242401361465454,0.4964081645011902,-0.02578354813158512,0.5269339680671692,0.5242918133735657,-0.02632616087794304,0.5379511713981628,0.47752147912979126,-0.006679827813059092,0.5369516015052795,0.46011170744895935,-0.021820547059178352,0.5371950268745422,0.49731460213661194,-0.022253358736634254,0.5366867780685425,0.5256074666976929,-0.018160486593842506,0.5526967644691467,0.48228487372398376,-0.009305372834205627,0.5594222545623779,0.44711318612098694,-0.01793995313346386,0.5652026534080505,0.4259280264377594,-0.019487442448735237,0.5686203837394714,0.40443360805511475,-0.01864836923778057
36,0.0,0.0,0.0,0.0,0.0,0.0,0.0,0.0,0.0,0.0,0.0,0.0,0.0,0.0,0.0,0.0,0.0,0.0,0.0,0.0,0.0,0.0,0.0,0.0,0.0,0.0,0.0,0.0,0.0,0.0,0.0,0.0,0.0,0.0,0.0,0.0,0.0,0.0,0.0,0.0,0.0,0.0,0.0,0.0,0.0,0.0,0.0,0.0,0.0,0.0,0.0,0.0,0.0,0.0,0.0,0.0,0.0,0.0,0.0,0.0,0.0,0.0,0.0,0.5385207533836365,0.575133740901947,-1.1027876212210685e-07,0.5115995407104492,0.5621392726898193,-0.009974232874810696,0.48876816034317017,0.5289780497550964,-0.015895526856184006,0.471748948097229,0.5005313754081726,-0.02208888903260231,0.4559952914714813,0.4850884675979614,-0.026332633569836617,0.5055930018424988,0.4825049340724945,-0.005288025829941034,0.5038934350013733,0.4607374668121338,-0.01761344075202942,0.5103734135627747,0.4885036051273346,-0.024267664179205894,0.5144436359405518,0.5126881003379822,-0.026574628427624702,0.5220574736595154,0.4778202772140503,-0.005136233754456043,0.520296037197113,0.46036118268966675,-0.020137526094913483,0.52403324842453,0.49746155738830566,-0.025597477331757545,0.5258318185806274,0.5241628289222717,-0.026231586933135986,0.5380463004112244,0.4781910181045532,-0.007081110030412674,0.5374358296394348,0.45953643321990967,-0.022007981315255165,0.537526547908783,0.49654778838157654,-0.022148629650473595,0.5366672277450562,0.5248681902885437,-0.018021946772933006,0.5527376532554626,0.48255258798599243,-0.009671781212091446,0.5599061846733093,0.4477282464504242,-0.018275851383805275,0.5659185647964478,0.42637479305267334,-0.01980435661971569,0.5694104433059692,0.4047621190547943,-0.019026409834623337
37,0.0,0.0,0.0,0.0,0.0,0.0,0.0,0.0,0.0,0.0,0.0,0.0,0.0,0.0,0.0,0.0,0.0,0.0,0.0,0.0,0.0,0.0,0.0,0.0,0.0,0.0,0.0,0.0,0.0,0.0,0.0,0.0,0.0,0.0,0.0,0.0,0.0,0.0,0.0,0.0,0.0,0.0,0.0,0.0,0.0,0.0,0.0,0.0,0.0,0.0,0.0,0.0,0.0,0.0,0.0,0.0,0.0,0.0,0.0,0.0,0.0,0.0,0.0,0.5385207533836365,0.575133740901947,-1.1027876212210685e-07,0.5115995407104492,0.5621392726898193,-0.009974232874810696,0.48876816034317017,0.5289780497550964,-0.015895526856184006,0.471748948097229,0.5005313754081726,-0.02208888903260231,0.4559952914714813,0.4850884675979614,-0.026332633569836617,0.5055930018424988,0.4825049340724945,-0.005288025829941034,0.5038934350013733,0.4607374668121338,-0.01761344075202942,0.5103734135627747,0.4885036051273346,-0.024267664179205894,0.5144436359405518,0.5126881003379822,-0.026574628427624702,0.5220574736595154,0.4778202772140503,-0.005136233754456043,0.520296037197113,0.46036118268966675,-0.020137526094913483,0.52403324842453,0.49746155738830566,-0.025597477331757545,0.5258318185806274,0.5241628289222717,-0.026231586933135986,0.5380463004112244,0.4781910181045532,-0.007081110030412674,0.5374358296394348,0.45953643321990967,-0.022007981315255165,0.537526547908783,0.49654778838157654,-0.022148629650473595,0.5366672277450562,0.5248681902885437,-0.018021946772933006,0.5527376532554626,0.48255258798599243,-0.009671781212091446,0.5599061846733093,0.4477282464504242,-0.018275851383805275,0.5659185647964478,0.42637479305267334,-0.01980435661971569,0.5694104433059692,0.4047621190547943,-0.019026409834623337
38,0.0,0.0,0.0,0.0,0.0,0.0,0.0,0.0,0.0,0.0,0.0,0.0,0.0,0.0,0.0,0.0,0.0,0.0,0.0,0.0,0.0,0.0,0.0,0.0,0.0,0.0,0.0,0.0,0.0,0.0,0.0,0.0,0.0,0.0,0.0,0.0,0.0,0.0,0.0,0.0,0.0,0.0,0.0,0.0,0.0,0.0,0.0,0.0,0.0,0.0,0.0,0.0,0.0,0.0,0.0,0.0,0.0,0.0,0.0,0.0,0.0,0.0,0.0,0.5382762551307678,0.5740569829940796,-1.1413479938937598e-07,0.5115104913711548,0.5610715746879578,-0.009854006581008434,0.48863399028778076,0.5269560217857361,-0.015470758080482483,0.4715926945209503,0.49888837337493896,-0.02141912467777729,0.4560436010360718,0.482790470123291,-0.025488397106528282,0.5059105157852173,0.48313120007514954,-0.004820638336241245,0.5035319328308105,0.46052664518356323,-0.016632137820124626,0.509255588054657,0.4894554913043976,-0.023195983842015266,0.5131452083587646,0.5134161114692688,-0.025617249310016632,0.5222182869911194,0.47828295826911926,-0.004750662017613649,0.5199024081230164,0.45797431468963623,-0.019518617540597916,0.5229544639587402,0.49519962072372437,-0.025089208036661148,0.5247293710708618,0.5217728018760681,-0.0257866270840168,0.5384469628334045,0.47883105278015137,-0.006718482356518507,0.5381091833114624,0.4582400321960449,-0.021535828709602356,0.5376197695732117,0.49586164951324463,-0.021645287051796913,0.536665678024292,0.5250338315963745,-0.01746596395969391,0.5535131692886353,0.4830479621887207,-0.009335591457784176,0.5601534843444824,0.44766372442245483,-0.01771230809390545,0.5659330487251282,0.42550772428512573,-0.019062580540776253,0.5698372721672058,0.40329140424728394,-0.018225980922579765
39,0.0,0.0,0.0,0.0,0.0,0.0,0.0,0.0,0.0,0.0,0.0,0.0,0.0,0.0,0.0,0.0,0.0,0.0,0.0,0.0,0.0,0.0,0.0,0.0,0.0,0.0,0.0,0.0,0.0,0.0,0.0,0.0,0.0,0.0,0.0,0.0,0.0,0.0,0.0,0.0,0.0,0.0,0.0,0.0,0.0,0.0,0.0,0.0,0.0,0.0,0.0,0.0,0.0,0.0,0.0,0.0,0.0,0.0,0.0,0.0,0.0,0.0,0.0,0.5380473136901855,0.571464478969574,-1.0776226133657474e-07,0.5112079381942749,0.5588811635971069,-0.009847525507211685,0.48893269896507263,0.5274010300636292,-0.01585964299738407,0.4722629487514496,0.49967890977859497,-0.022228732705116272,0.45688173174858093,0.4839441180229187,-0.02672629803419113,0.5061541199684143,0.480922132730484,-0.005122184753417969,0.5043653249740601,0.4606516361236572,-0.017475299537181854,0.510368824005127,0.4881609380245209,-0.024358559399843216,0.5142930150032043,0.5120450854301453,-0.026824435219168663,0.5224424600601196,0.47688668966293335,-0.005147792398929596,0.5204277634620667,0.45881181955337524,-0.020290043205022812,0.5236937999725342,0.49581021070480347,-0.025907641276717186,0.5254884958267212,0.522936224937439,-0.026593511924147606,0.5384834408760071,0.47773727774620056,-0.007242417428642511,0.5379871726036072,0.4591090679168701,-0.022489314898848534,0.5378645658493042,0.49656030535697937,-0.022651733830571175,0.5371512174606323,0.5253378748893738,-0.018407566472887993,0.5533599853515625,0.4824460446834564,-0.009964353404939175,0.5606476068496704,0.4479063153266907,-0.01860923133790493,0.5663588643074036,0.42616134881973267,-0.019988808780908585,0.5698214173316956,0.40415090322494507,-0.019096223637461662
40,0.0,0.0,0.0,0.0,0.0,0.0,0.0,0.0,0.0,0.0,0.0,0.0,0.0,0.0,0.0,0.0,0.0,0.0,0.0,0.0,0.0,0.0,0.0,0.0,0.0,0.0,0.0,0.0,0.0,0.0,0.0,0.0,0.0,0.0,0.0,0.0,0.0,0.0,0.0,0.0,0.0,0.0,0.0,0.0,0.0,0.0,0.0,0.0,0.0,0.0,0.0,0.0,0.0,0.0,0.0,0.0,0.0,0.0,0.0,0.0,0.0,0.0,0.0,0.5380473136901855,0.571464478969574,-1.0776226133657474e-07,0.5112079381942749,0.5588811635971069,-0.009847525507211685,0.48893269896507263,0.5274010300636292,-0.01585964299738407,0.4722629487514496,0.49967890977859497,-0.022228732705116272,0.45688173174858093,0.4839441180229187,-0.02672629803419113,0.5061541199684143,0.480922132730484,-0.005122184753417969,0.5043653249740601,0.4606516361236572,-0.017475299537181854,0.510368824005127,0.4881609380245209,-0.024358559399843216,0.5142930150032043,0.5120450854301453,-0.026824435219168663,0.5224424600601196,0.47688668966293335,-0.005147792398929596,0.5204277634620667,0.45881181955337524,-0.020290043205022812,0.5236937999725342,0.49581021070480347,-0.025907641276717186,0.5254884958267212,0.522936224937439,-0.026593511924147606,0.5384834408760071,0.47773727774620056,-0.007242417428642511,0.5379871726036072,0.4591090679168701,-0.022489314898848534,0.5378645658493042,0.49656030535697937,-0.022651733830571175,0.5371512174606323,0.5253378748893738,-0.018407566472887993,0.5533599853515625,0.4824460446834564,-0.009964353404939175,0.5606476068496704,0.4479063153266907,-0.01860923133790493,0.5663588643074036,0.42616134881973267,-0.019988808780908585,0.5698214173316956,0.40415090322494507,-0.019096223637461662
